
80.17
79.88
80.10
80.23
80.31
80.49
80.72
80.93
80.55
80.03
80.70
80.97
81.32
81.29
81.42
81.61
81.54
81.87
82.15
81.90
81.66
81.34
82.68
83.27
83.42
84.54
84.98
84.86
85.03
85.45
85.46
84.91
84.68
84.68
86.34
86.74
87.63
87.36
88.21
87.65
88.52
88.38
88.86
88.93
88.77
87.66
89.45
89.15
90.01
90.15
90.76
90.80
90.71
90.86
91.32
90.99
90.56
89.22
91.80
90.96
91.02
92.42
92.21
91.80
92.74
91.84
92.45
92.39
92.76
91.76
94.02
94.81
95.26
95.21
95.29
95.15
94.92
95.38
95.79
95.85
95.52
94.38
97.60
97.27
96.86
97.54
97.74
97.59
98.15
97.82
97.62
98.09
97.37
96.55
98.80
98.80
99.39
98.89
99.27
99.52
99.29
99.63
99.53
100.19
98.69
98.23
100.09
100.48
100.22
99.94
100.29
99.88
100.16
100.10
100.55
100.24
99.45
98.61
100.36
100.32
100.01
100.20
100.22
99.98
100.33
100.33
100.39
100.22
99.62
98.94
100.57
100.32
101.02
100.65
101.37
100.78
100.84
101.06
100.92
100.88
100.82
99.70
101.71
101.67
101.23
101.45
101.84
101.53
101.52
101.55
101.99
101.67
101.51
100.12
102.18
102.80
102.61
102.52
103.01
103.10
102.69
103.24
103.09
103.40
102.85
101.77
104.48
104.87
105.35
105.19
105.84
105.77
105.61
105.73
105.56
105.41
104.96
104.43
106.43
106.65
106.74


























































































































